0.000000	0.275609	0.459226	0.436376	0.450342	0.442316	0.276850	0.278961	0.279479	0.483082	0.279200	0.279661	0.279116	0.284219	0.474584	0.481048	0.485522	0.484035	0.283487	0.284633	
0.275609	0.000000	0.461245	0.437097	0.451693	0.444132	0.278743	0.281453	0.282954	0.487966	0.282288	0.283815	0.287238	0.284848	0.475177	0.480479	0.490288	0.488638	0.285658	0.286029	
0.459226	0.461245	0.000000	0.402830	0.403870	0.404929	0.455459	0.457748	0.461373	0.358373	0.458729	0.459557	0.459653	0.456920	0.399106	0.400718	0.358356	0.356251	0.460155	0.462398	
0.436376	0.437097	0.402830	0.000000	0.400814	0.399061	0.433717	0.432486	0.435065	0.423399	0.434367	0.431426	0.436046	0.431595	0.370619	0.370608	0.422678	0.420523	0.432604	0.435184	
0.450342	0.451693	0.403870	0.400814	0.000000	0.220230	0.447581	0.447271	0.444251	0.411442	0.446701	0.444768	0.451590	0.449116	0.431179	0.429477	0.413582	0.414180	0.449091	0.450461	
0.442316	0.444132	0.404929	0.399061	0.220230	0.000000	0.437213	0.437841	0.435835	0.414382	0.437892	0.436565	0.444154	0.439304	0.430046	0.430515	0.416504	0.415690	0.439486	0.442504	
0.276850	0.278743	0.455459	0.433717	0.447581	0.437213	0.000000	0.280678	0.281973	0.477339	0.277737	0.281614	0.279426	0.285249	0.469943	0.477505	0.482620	0.479539	0.285164	0.285772	
0.278961	0.281453	0.457748	0.432486	0.447271	0.437841	0.280678	0.000000	0.283276	0.479453	0.278896	0.282621	0.281576	0.284441	0.470385	0.477260	0.482504	0.482019	0.283595	0.284932	
0.279479	0.282954	0.461373	0.435065	0.444251	0.435835	0.281973	0.283276	0.000000	0.482541	0.283535	0.285372	0.284330	0.284439	0.473907	0.479066	0.485803	0.483901	0.287409	0.288312	
0.483082	0.487966	0.358373	0.423399	0.411442	0.414382	0.477339	0.479453	0.482541	0.000000	0.481179	0.480386	0.478905	0.479807	0.404810	0.408355	0.254949	0.251453	0.480929	0.485978	
0.279200	0.282288	0.458729	0.434367	0.446701	0.437892	0.277737	0.278896	0.283535	0.481179	0.000000	0.283647	0.280516	0.284666	0.471670	0.479851	0.484325	0.481124	0.286508	0.287621	
0.279661	0.283815	0.459557	0.431426	0.444768	0.436565	0.281614	0.282621	0.285372	0.480386	0.283647	0.000000	0.287386	0.285284	0.468765	0.473530	0.483179	0.481578	0.290128	0.290369	
0.279116	0.287238	0.459653	0.436046	0.451590	0.444154	0.279426	0.281576	0.284330	0.478905	0.280516	0.287386	0.000000	0.289407	0.469318	0.478513	0.485043	0.482344	0.288538	0.287813	
0.284219	0.284848	0.456920	0.431595	0.449116	0.439304	0.285249	0.284441	0.284439	0.479807	0.284666	0.285284	0.289407	0.000000	0.464770	0.473300	0.481973	0.478890	0.289876	0.287082	
0.474584	0.475177	0.399106	0.370619	0.431179	0.430046	0.469943	0.470385	0.473907	0.404810	0.471670	0.468765	0.469318	0.464770	0.000000	0.234620	0.401219	0.397116	0.467718	0.471458	
0.481048	0.480479	0.400718	0.370608	0.429477	0.430515	0.477505	0.477260	0.479066	0.408355	0.479851	0.473530	0.478513	0.473300	0.234620	0.000000	0.403645	0.401779	0.471263	0.477863	
0.485522	0.490288	0.358356	0.422678	0.413582	0.416504	0.482620	0.482504	0.485803	0.254949	0.484325	0.483179	0.485043	0.481973	0.401219	0.403645	0.000000	0.250580	0.483067	0.485866	
0.484035	0.488638	0.356251	0.420523	0.414180	0.415690	0.479539	0.482019	0.483901	0.251453	0.481124	0.481578	0.482344	0.478890	0.397116	0.401779	0.250580	0.000000	0.481984	0.483697	
0.283487	0.285658	0.460155	0.432604	0.449091	0.439486	0.285164	0.283595	0.287409	0.480929	0.286508	0.290128	0.288538	0.289876	0.467718	0.471263	0.483067	0.481984	0.000000	0.292313	
0.284633	0.286029	0.462398	0.435184	0.450461	0.442504	0.285772	0.284932	0.288312	0.485978	0.287621	0.290369	0.287813	0.287082	0.471458	0.477863	0.485866	0.483697	0.292313	0.000000	
